74
# x y 
-5	-9.7
0	-9.7
0.9367497	-9.35
1.858829414	-8.963
2.771363797	-8.554
3.702762745	-8.19
4.647787083	-7.863
5.501953344	-7.343
6.455892545	-7.043
7.400570268	-6.715
8.332359407	-6.352
9.226392963	-5.904
10.04384266	-5.328
10.99326564	-5.014
11.94968396	-4.722
12.93896855	-4.576
13.87646308	-4.228
14.83196033	-3.933
15.77417846	-3.598
16.74830576	-3.372
17.70593617	-3.084
18.67695574	-2.845
19.61144169	-2.489
20.51569332	-2.062
21.47180576	-1.769
22.42056495	-1.453
23.37575289	-1.157
24.36102392	-0.986
25.35549614	-0.881
26.33008528	-0.657
27.31186937	-0.467
28.3067558	-0.366
29.2661702	-0.084
30.26532935	-0.043
31.26440442	0
32.26413989	-0.023
33.26365927	-0.054
34.26297454	-0.091
35.26292454	-0.081
36.26186598	-0.127
37.26176797	-0.141
38.26145542	-0.166
39.26061457	-0.207
40.24181333	-0.4
41.23265892	-0.535
42.20883053	-0.752
43.20882253	-0.748
44.20882253	-0.748
45.18543658	-0.963
46.17708117	-1.092
47.1719676	-1.193
48.16533309	-1.308
49.1295815	-1.573
50.05332984	-1.956
51.0040664	-2.266
51.94266908	-2.611
52.9228711	-2.809
53.79738525	-3.294
54.72278193	-3.673
55.60809261	-4.138
56.47003866	-4.645
57.43032976	-4.924
58.27006246	-5.467
59.07230369	-6.064
59.95390224	-6.536
60.87640102	-6.922
61.84490451	-7.171
62.71150649	-7.67
63.50544352	-8.278
64.45938272	-8.578
65.13961136	-9.311
66.07561136	-9.663
67.06223742	-9.826
72.06223742	-9.826

357
# s	g	t
1	2	0.019693396
1	3	0.020400943
1	4	0.02134434
1	5	0.022051887
1	6	0.022995283
1	7	0.024646226
1	8	0.02629717
1	9	0.027004717
1	10	0.027004717
1	11	0.027476415
1	12	0.028183962
1	13	0.03125
1	14	0.031721698
1	15	0.033136792
1	16	0.033608491
1	17	0.034080189
1	18	0.034080189
1	19	0.03620283
1	20	0.035966981
1	21	0.035966981
1	22	0.03620283
1	23	0.037146226
1	24	0.038089623
1	25	0.038561321
1	26	0.039504717
1	27	0.039504717
1	28	0.039268868
1	29	0.039740566
1	30	0.040683962
1	31	0.041627358
1	32	0.042570755
1	33	0.043042453
1	34	0.043278302
1	35	0.04375
1	36	0.04375
1	37	0.044457547
1	38	0.044929245
1	39	0.045400943
1	40	0.045636792
1	41	0.046108491
1	42	0.046580189
1	43	0.047051887
1	44	0.048231132
1	45	0.048938679
1	46	0.050353774
1	47	0.050589623
1	48	0.051061321
1	49	0.050589623
1	50	0.049646226
1	51	0.049646226
1	52	0.049882075
1	53	0.050117925
1	54	0.050825472
1	55	0.05129717
1	56	0.05129717
1	57	0.05129717
1	58	0.051533019
1	59	0.050825472
1	60	0.050825472
1	61	0.052004717
1	62	0.050589623
1	63	0.050589623
1	64	0.050117925
1	65	0.049174528
1	66	0.050117925
1	67	0.051061321
1	68	0.051061321
1	69	0.051061321
1	70	0.05129717
1	71	0.051768868
1	72	0.051061321
1	73	0.05129717
27	2	0.035731132
27	3	0.035731132
27	4	0.034316038
27	5	0.033372642
27	6	0.032900943
27	7	0.033372642
27	8	0.031957547
27	9	0.030778302
27	10	0.02865566
27	11	0.028183962
27	12	0.027476415
27	13	0.027240566
27	14	0.025589623
27	15	0.025825472
27	16	0.023938679
27	17	0.022523585
27	18	0.021816038
27	19	0.023231132
27	20	0.019693396
27	21	0.017570755
27	22	0.016391509
27	23	0.015919811
27	24	0.014268868
27	25	0.011910377
27	26	0.00884434
27	28	0.007665094
27	29	0.01120283
27	30	0.012853774
27	31	0.014740566
27	32	0.016391509
27	33	0.017334906
27	34	0.018514151
27	35	0.01875
27	36	0.019457547
27	37	0.020165094
27	38	0.02134434
27	39	0.022287736
27	40	0.022523585
27	41	0.026768868
27	42	0.024646226
27	43	0.025353774
27	44	0.027004717
27	45	0.028891509
27	46	0.031485849
27	47	0.031957547
27	48	0.032429245
27	49	0.032429245
27	50	0.032665094
27	51	0.033136792
27	52	0.033136792
27	53	0.033608491
27	54	0.034551887
27	55	0.036438679
27	56	0.035966981
27	57	0.036910377
27	58	0.037382075
27	59	0.037617925
27	60	0.037617925
27	61	0.038561321
27	62	0.037617925
27	63	0.037853774
27	64	0.037617925
27	65	0.036674528
27	66	0.037853774
27	67	0.038561321
27	68	0.038561321
27	69	0.03879717
27	70	0.038561321
27	71	0.039976415
27	72	0.038325472
27	73	0.03879717
38	2	0.03879717
38	3	0.038089623
38	4	0.037146226
38	5	0.03620283
38	6	0.036438679
38	7	0.036674528
38	8	0.03620283
38	9	0.035495283
38	10	0.033608491
38	11	0.033136792
38	12	0.032900943
38	13	0.032429245
38	14	0.030542453
38	15	0.030542453
38	16	0.029127358
38	17	0.028419811
38	18	0.026533019
38	19	0.027476415
38	20	0.024882075
38	21	0.022759434
38	22	0.022051887
38	23	0.021816038
38	24	0.021580189
38	25	0.020636792
38	26	0.019693396
38	27	0.01875
38	28	0.017334906
38	29	0.01615566
38	30	0.01615566
38	31	0.014976415
38	32	0.014033019
38	33	0.012146226
38	34	0.010966981
38	35	0.008608491
38	36	0.007900943
38	37	0.005778302
38	39	0.006485849
38	40	0.007900943
38	41	0.009080189
38	42	0.010023585
38	43	0.010966981
38	44	0.013089623
38	45	0.014740566
38	46	0.017570755
38	47	0.018042453
38	48	0.018985849
38	49	0.018985849
38	50	0.019221698
38	51	0.020636792
38	52	0.02134434
38	53	0.021816038
38	54	0.022523585
38	55	0.026061321
38	56	0.025353774
38	57	0.027004717
38	58	0.027712264
38	59	0.027948113
38	60	0.028419811
38	61	0.030070755
38	62	0.02865566
38	63	0.02865566
38	64	0.028891509
38	65	0.02865566
38	66	0.029834906
38	67	0.030306604
38	68	0.030070755
38	69	0.030542453
38	70	0.031014151
38	71	0.032193396
38	72	0.031014151
38	73	0.031014151
52	2	0.04634434
52	3	0.046108491
52	4	0.045400943
52	5	0.044929245
52	6	0.044929245
52	7	0.045400943
52	8	0.045400943
52	9	0.044929245
52	10	0.043278302
52	11	0.043278302
52	12	0.043042453
52	13	0.043278302
52	14	0.042806604
52	15	0.042570755
52	16	0.040212264
52	17	0.039740566
52	18	0.03879717
52	19	0.04115566
52	20	0.037853774
52	21	0.035966981
52	22	0.035495283
52	23	0.035966981
52	24	0.035259434
52	25	0.034316038
52	26	0.033372642
52	27	0.032429245
52	28	0.030542453
52	29	0.030306604
52	30	0.030542453
52	31	0.029834906
52	32	0.02865566
52	33	0.027948113
52	34	0.026061321
52	35	0.024882075
52	36	0.023938679
52	37	0.022759434
52	38	0.022051887
52	39	0.02134434
52	40	0.023466981
52	41	0.019693396
52	42	0.019221698
52	43	0.01875
52	44	0.01875
52	45	0.018278302
52	46	0.018985849
52	47	0.01615566
52	48	0.015448113
52	49	0.013089623
52	50	0.009787736
52	51	0.006485849
52	53	0.006485849
52	54	0.009080189
52	55	0.013561321
52	56	0.014976415
52	57	0.015683962
52	58	0.017099057
52	59	0.018042453
52	60	0.019221698
52	61	0.02134434
52	62	0.020872642
52	63	0.022051887
52	64	0.022287736
52	65	0.022759434
52	66	0.024410377
52	67	0.025353774
52	68	0.025589623
52	69	0.025825472
52	70	0.026533019
52	71	0.027476415
52	72	0.027004717
52	73	0.026768868
74	2	0.051768868
74	3	0.051768868
74	4	0.051061321
74	5	0.050589623
74	6	0.050825472
74	7	0.051533019
74	8	0.051061321
74	9	0.050589623
74	10	0.049882075
74	11	0.049646226
74	12	0.04870283
74	13	0.048938679
74	14	0.04870283
74	15	0.04870283
74	16	0.047287736
74	17	0.047051887
74	18	0.046108491
74	19	0.047759434
74	20	0.045872642
74	21	0.04375
74	22	0.04375
74	23	0.043985849
74	24	0.043985849
74	25	0.04375
74	26	0.043514151
74	27	0.042334906
74	28	0.041391509
74	29	0.04115566
74	30	0.04115566
74	31	0.040919811
74	32	0.040919811
74	33	0.039976415
74	34	0.03879717
74	35	0.038561321
74	36	0.038089623
74	37	0.036910377
74	38	0.036910377
74	39	0.036674528
74	40	0.037146226
74	41	0.035731132
74	42	0.035731132
74	43	0.035731132
74	44	0.035731132
74	45	0.03620283
74	46	0.03620283
74	47	0.034787736
74	48	0.034787736
74	49	0.033608491
74	50	0.031721698
74	51	0.031485849
74	52	0.031485849
74	53	0.030542453
74	54	0.030070755
74	55	0.030070755
74	56	0.029127358
74	57	0.028891509
74	58	0.028419811
74	59	0.026768868
74	60	0.026061321
74	61	0.027004717
74	62	0.025353774
74	63	0.024410377
74	64	0.02370283
74	65	0.021816038
74	66	0.023231132
74	67	0.021816038
74	68	0.02134434
74	69	0.02134434
74	70	0.019693396
74	71	0.018985849
74	72	0.018278302
74	73	0.017099057
		
		
		
