74
# x  y
-5		-8.727
0		-8.727
0.953939201		-8.427
1.9538787		-8.438
2.948350921		-8.333
3.941245176		-8.214
4.924543706		-8.032
5.918475293		-7.922
6.916961648		-7.867
7.914911546		-7.803
8.908953296		-7.694
9.882143925		-7.464
10.87954856		-7.392
11.87853554		-7.347
12.87352298		-7.247
13.85569201		-7.059
14.8484659		-6.939
15.84722511		-6.8892
16.84598432		-6.8394
17.84474353		-6.7896
18.84350274		-6.7398
19.84226195		-6.69
20.83744837		-6.592
21.82973058		-6.468
22.82274418		-6.586
23.82022049		-6.515
24.81982842		-6.487
25.81723305		-6.415
26.81722505		-6.411
27.81711254		-6.426
28.81674798		-6.399
29.80940048		-6.278
30.80438792		-6.378
31.80005403		-6.285
32.78105556		-6.091
33.77573692		-5.988
34.77497613		-5.949
35.77471159		-5.926
36.76100516		-5.761
37.7521212		-5.628
38.74489509		-5.508
39.74144463		-5.425
40.72872322		-5.266
41.71238983		-5.086
42.70643158		-4.977
43.67467741		-4.727
44.66792663		-4.611
45.64751787		-4.41
46.63863391		-4.277
47.62302407		-4.101
48.62289606		-4.117
49.61492631		-3.991
50.60464899		-3.848
51.58037385		-3.629
52.57066623		-3.49
53.55245032		-3.3
54.54052117		-3.146
55.53216577		-3.017
56.49804309		-2.758
57.45745749		-2.476
58.43621946		-2.271
59.40674458		-2.03
60.38040571		-1.802
61.37055722		-1.662
62.32481033		-1.363
63.30810886		-1.181
64.29177547		-1.001
65.27470171		-0.817
66.26759597		-0.698
67.24899089		-0.506
68.24417731		-0.408
69.24011907		-0.318
70.18820978		0
75	0
357
# s	g	t
1	2	0.01615566
1	3	0.017334906
1	4	0.018278302
1	5	0.020872642
1	6	0.022051887
1	7	0.024410377
1	8	0.024410377
1	9	0.024882075
1	10	0.024882075
1	11	0.02629717
1	12	0.027004717
1	13	0.027712264
1	14	0.029834906
1	15	0.030778302
1	16	0.03125
1	17	0.032193396
1	18	0.033608491
1	19	0.037146226
1	20	0.037382075
1	21	0.039033019
1	22	0.039740566
1	23	0.039976415
1	24	0.042570755
1	25	0.042099057
1	26	0.043514151
1	27	0.044457547
1	28	0.044693396
1	29	0.044693396
1	30	0.045400943
1	31	0.046108491
1	32	0.045400943
1	33	0.046816038
1	34	0.048231132
1	35	0.049646226
1	36	0.049410377
1	37	0.049410377
1	38	0.049174528
1	39	0.050825472
1	40	0.050825472
1	41	0.05129717
1	42	0.052004717
1	43	0.052240566
1	44	0.052712264
1	45	0.05365566
1	46	0.05365566
1	47	0.054363208
1	48	0.054127358
1	49	0.054599057
1	50	0.053183962
1	51	0.053419811
1	52	0.05365566
1	53	0.054127358
1	54	0.054599057
1	55	0.057429245
1	56	0.059316038
1	57	0.060023585
1	58	0.060023585
1	59	0.059551887
1	60	0.059787736
1	61	0.059787736
1	62	0.059787736
1	63	0.059316038
1	64	0.059316038
1	65	0.060495283
1	66	0.061674528
1	67	0.061674528
1	68	0.061438679
1	69	0.061674528
1	70	0.063089623
1	71	0.062382075
1	72	0.062617925
1	73	0.063325472
28	2	0.040448113
28	3	0.038561321
28	4	0.038325472
28	5	0.037382075
28	6	0.036438679
28	7	0.03620283
28	8	0.035259434
28	9	0.035259434
28	10	0.034080189
28	11	0.032900943
28	12	0.031721698
28	13	0.032193396
28	14	0.029363208
28	15	0.027712264
28	16	0.026533019
28	17	0.025589623
28	18	0.024882075
28	19	0.022995283
28	20	0.021816038
28	21	0.019693396
28	22	0.018278302
28	23	0.016863208
28	24	0.015919811
28	25	0.011674528
28	26	0.00884434
28	27	0.007193396
28	29	0.010259434
28	30	0.012853774
28	31	0.014740566
28	32	0.016391509
28	33	0.018985849
28	34	0.019929245
28	35	0.022287736
28	36	0.021816038
28	37	0.022287736
28	38	0.022759434
28	39	0.025825472
28	40	0.024174528
28	41	0.02629717
28	42	0.02629717
28	43	0.026768868
28	44	0.028183962
28	45	0.029363208
28	46	0.030306604
28	47	0.030778302
28	48	0.031721698
28	49	0.032429245
28	50	0.031957547
28	51	0.032900943
28	52	0.033608491
28	53	0.034316038
28	54	0.034316038
28	55	0.037146226
28	56	0.038561321
28	57	0.040448113
28	58	0.040448113
28	59	0.040212264
28	60	0.040212264
28	61	0.040919811
28	62	0.04115566
28	63	0.041627358
28	64	0.041863208
28	65	0.043042453
28	66	0.043514151
28	67	0.043514151
28	68	0.04375
28	69	0.044693396
28	70	0.04634434
28	71	0.04634434
28	72	0.046580189
28	73	0.047287736
39	2	0.044457547
39	3	0.044221698
39	4	0.04375
39	5	0.041863208
39	6	0.040448113
39	7	0.040448113
39	8	0.040448113
39	9	0.039976415
39	10	0.038325472
39	11	0.037853774
39	12	0.037146226
39	13	0.037853774
39	14	0.035966981
39	15	0.034316038
39	16	0.033608491
39	17	0.032193396
39	18	0.031957547
39	19	0.034551887
39	20	0.029834906
39	21	0.028891509
39	22	0.027240566
39	23	0.026061321
39	24	0.027240566
39	25	0.024174528
39	26	0.024174528
39	27	0.023231132
39	28	0.021580189
39	29	0.018985849
39	30	0.018514151
39	31	0.017099057
39	32	0.01615566
39	33	0.016627358
39	34	0.014976415
39	35	0.013089623
39	36	0.009787736
39	37	0.007193396
39	38	0.005542453
39	40	0.007193396
39	41	0.008608491
39	42	0.010259434
39	43	0.01120283
39	44	0.012617925
39	45	0.014504717
39	46	0.015683962
39	47	0.015919811
39	48	0.017806604
39	49	0.01875
39	50	0.01875
39	51	0.01875
39	52	0.019693396
39	53	0.019929245
39	54	0.020400943
39	55	0.022995283
39	56	0.025353774
39	57	0.027004717
39	58	0.027948113
39	59	0.027240566
39	60	0.027476415
39	61	0.027712264
39	62	0.02865566
39	63	0.029127358
39	64	0.029834906
39	65	0.030778302
39	66	0.03125
39	67	0.03125
39	68	0.032193396
39	69	0.032665094
39	70	0.034787736
39	71	0.034551887
39	72	0.034551887
39	73	0.035731132
53	2	0.051061321
52	3	0.049882075
52	4	0.050117925
52	5	0.048938679
52	6	0.048231132
52	7	0.048938679
52	8	0.047995283
52	9	0.047287736
52	10	0.046580189
52	11	0.045400943
52	12	0.045636792
52	13	0.045165094
52	14	0.04375
52	15	0.041863208
52	16	0.041863208
52	17	0.04115566
52	18	0.040448113
52	19	0.043278302
52	20	0.039033019
52	21	0.037853774
52	22	0.036438679
52	23	0.035966981
52	24	0.036674528
52	25	0.03384434
52	26	0.032665094
52	27	0.032193396
52	28	0.031485849
52	29	0.030070755
52	30	0.029127358
52	31	0.027948113
52	32	0.027240566
52	33	0.027712264
52	34	0.026533019
52	35	0.025589623
52	36	0.025589623
52	37	0.022051887
52	38	0.020636792
52	39	0.020400943
52	40	0.019693396
52	41	0.018985849
52	42	0.018278302
52	43	0.017099057
52	44	0.016627358
52	45	0.015448113
52	46	0.014033019
52	47	0.012617925
52	48	0.011438679
52	49	0.009316038
52	50	0.008136792
52	51	0.004834906
52	53	0.006014151
52	54	0.007429245
52	55	0.010023585
52	56	0.012382075
52	57	0.015919811
52	58	0.015212264
52	59	0.015212264
52	60	0.015919811
52	61	0.016863208
52	62	0.017570755
52	63	0.018278302
52	64	0.019457547
52	65	0.020872642
52	66	0.021108491
52	67	0.021580189
52	68	0.022523585
52	69	0.022759434
52	70	0.024174528
52	71	0.025117925
52	72	0.025825472
52	73	0.02629717
74	2	0.064033019
74	3	0.063325472
74	4	0.063325472
74	5	0.063089623
74	6	0.061438679
74	7	0.06120283
74	8	0.06120283
74	9	0.06120283
74	10	0.060731132
74	11	0.059551887
74	12	0.059551887
74	13	0.059787736
74	14	0.05884434
74	15	0.056721698
74	16	0.055778302
74	17	0.055070755
74	18	0.055542453
74	19	0.056957547
74	20	0.054834906
74	21	0.054127358
74	22	0.051768868
74	23	0.051061321
74	24	0.051061321
74	25	0.050117925
74	26	0.049174528
74	27	0.04870283
74	28	0.047523585
74	29	0.047051887
74	30	0.045636792
74	31	0.045165094
74	32	0.044693396
74	33	0.045165094
74	34	0.044693396
74	35	0.044457547
74	36	0.041627358
74	37	0.039740566
74	38	0.039976415
74	39	0.039504717
74	40	0.039268868
74	41	0.039504717
74	42	0.03879717
74	43	0.037146226
74	44	0.037146226
74	45	0.037146226
74	46	0.035966981
74	47	0.035495283
74	48	0.035259434
74	49	0.033608491
74	50	0.031957547
74	51	0.031485849
74	52	0.030542453
74	53	0.030542453
74	54	0.029834906
74	55	0.032193396
74	56	0.031957547
74	57	0.030070755
74	58	0.029127358
74	59	0.027476415
74	60	0.026768868
74	61	0.026061321
74	62	0.025117925
74	63	0.024174528
74	64	0.024410377
74	65	0.023938679
74	66	0.022523585
74	67	0.021580189
74	68	0.019929245
74	69	0.020165094
74	70	0.020165094
74	71	0.019221698
74	72	0.017806604
74	73	0.016627358
		
		
		
